563
912
18
157
580
963
872
146
175
254
312
448
610
812
734
161
575
938
881
138
456
302
550
903
63
404
777
67
956
501
324
461
782
754
840
540
620
645
717
334
190
785
455
109
964
661
562
126
746
464
310
807
608
777
223
172
688
708
449
48
838
555
498
890
489
860
405
266
828
695
760
76
52
364
771
44
881
506
951
705
750
641
506
101
531
516
445
609
44
580
338
955
586
828
852
956
994
864
333
985
151
508
527
496
727
38
499
326
963
610
944
987
82
45
98
932
62
808
335
942
535
225
236
478
794
646
176
280
692
582
117
114
522
450
285
432
851
117
741
253
609
824
137
502
32
968
380
504
534
469
759
767
315
706
685
278
674
157
751
77
412
397
391
414
921
143
344
154
650
470
660
711
44
129
873
259
611
180
446
947
504
780
789
259
592
711
136
13
24
798
866
349
484
215
250
291
70
481
180
240
373
713
792
85
554
365
608
819
895
222
573
256
549
198
593
721
370
968
822
487
450
566
254
272
827
356
968
60
223
651
376
355
78
514
335
898
289
557
248
993
36
215
632
382
522
543
651
522
450
943
937
889
222
305
365
517
582
310
847
930
6
482
403
453
584
462
674
896
701
725
291
153
245
885
419
623
569
403
472
801
453
871
671
618
747
296
860
684
365
753
108
649
687
99
47
165
279
955
510
788
438
577
305
856
752
665
382
763
943
728
969
530
478
659
273
262
121
840
340
475
755
369
623
732
627
420
401
650
108
753
726
767
395
101
745
105
716
763
50
910
678
609
747
604
406
693
793
788
353
698
998
704
561
100
629
354
118
16
666
34
158
433
327
267
378
770
812
206
704
434
885
530
336
994
331
28
98
506
344
897
148
528
407
513
908
947
779
550
727
213
70
990
980
795
859
294
524
798
393
401
976
188
566
325
399
164
177
288
383
671
411
105
295
922
779
388
923
27
186
205
626
287
29
114
776
130
975
667
453
958
15
224
456
102
526
289
795
696
603
81
387
927
972
332
573
705
923
79
395
582
810
495
61
329
254
547
776
512
509
730
741
75
754
251
110
922
524
193
543
908
524
649
615
843
16
770
556
662
991
375
778
295
870
410
572
738
314
399
471
315
312
593
720
939
315
79
997
228
409
88
520
360
542
363
563
29
939
366
244
315
573
595
869
536
842
446
959
575
350
151
168
358
108
577
4
853
597
754
867
857
157
998
919
977
505
619
772
282
932
795
407
914
527
817
501
777
911
96
348
101
448
679
300
833
420
430
775
192
457
972
582
247
18
721
553
687
766
78
817
265
982
137
372
781
803
657
393
488
476
353
758
302
567
994
841
858
238
930
839
477
968
311
512
866
809
123
675
75
743
139
365
295
701
334
911
343
294
788
568
952
79
11
356
921
246
474
113
570
309
367
648
992
278
950
614
723
504
392
690
543
875
12
565
663
345
387
192
169
453
924
495
669
86
421
617
712
489
365
110
776
55
583
281
227
984
257
885
977
211
388
355
667
635
15
337
609
964
158
348
861
288
441
394
124
421
476
36
799
251
196
47
457
81
586
552
578
660
742
842
608
456
500
12
476
607
933
199
997
848
486
978
256
305
963
354
444
143
462
298
424
253
762
462
579
773
12
331
2
785
608
184
38
424
850
602
463
671
562
801
906
833
921
192
42
986
28
369
108
351
852
758
750
240
314
801
138
24
329
136
372
365
490
608
693
953
77
431
156
338
481
297
240
79
337
914
372
756
934
495
402
438
2
349
822
34
430
573
532
197
405
381
623
680
929
195
800
473
425
864
652
94
847
712
799
949
586
486
62
938
13
26
100
582
600
215
668
855
410
673
460
823
160
30
630
184
518
680
951
255
113
312
446
877
456
858
226
671
44
433
797
451
200
60
576
359
735
804
737
865
363
180
548
376
851
481
287
905
870
491
229
628
746
888
213
422
222
826
6
362
884
319
188
668
884
282
8
133
633
670
56
164
171
8
251
735
554
152
875
163
854
702
629
651
165
368
323
745
495
586
182
442
580
347
112
310
90
417
739
592
528
886
558
76
229
163
611
654
321
546
949
532
650
283
230
576
160
63
196
752
518
303
408
673
235
956
927
600
603
271
262
628
339
988
412
673
767
316
414
312
362
199
206
84
76
549
786
799
206
614
590
759
454
53
28
155
412
964
678
924
304
633
420
48
949
30
115
717
456
512
112
995
774
112
725
455
418
655
749
312
68
684
677
76
946
994
584
960
718
578
746
319
487
636
761
380
849
534
592
659
651
