869
415
642
833
795
360
521
29
411
382
398
624
137
133
857
585
559
986
94
239
191
805
357
653
580
336
197
38
867
154
224
431
116
69
93
901
243
257
190
430
2
764
734
155
126
88
961
562
509
635
873
538
703
7
255
200
565
776
818
475
398
265
216
140
982
486
525
90
472
553
512
775
102
148
227
803
965
593
949
820
903
170
30
521
173
773
256
891
994
534
314
759
767
817
43
47
514
987
328
507
727
787
966
685
814
482
309
916
595
670
726
158
315
474
981
793
727
808
453
397
389
382
589
761
374
731
312
179
883
404
146
568
656
824
65
932
350
605
852
227
992
588
149
947
167
411
31
598
748
5
835
693
637
449
868
340
458
616
432
421
461
859
489
869
808
174
388
715
818
713
717
400
988
694
385
55
930
257
890
840
945
390
576
11
892
247
841
174
935
928
92
991
561
419
628
408
432
554
586
382
112
341
594
416
726
895
196
832
151
128
828
897
660
379
228
466
793
879
107
118
484
423
748
818
274
485
542
661
22
475
752
873
905
908
802
357
969
687
831
487
926
539
728
737
68
929
859
65
214
359
177
761
391
717
844
828
507
185
584
419
476
925
108
577
470
892
225
40
89
366
159
560
461
770
247
734
576
559
713
821
897
141
97
641
961
516
974
409
863
679
108
633
789
929
465
336
284
927
514
421
578
351
279
23
42
273
601
474
595
558
659
286
923
286
806
842
217
988
838
670
135
327
912
733
571
394
569
721
933
590
999
473
698
726
879
934
155
873
570
828
57
931
425
844
201
415
336
468
5
399
894
724
33
415
200
95
626
647
929
327
499
716
263
402
675
14
297
582
242
126
21
167
414
538
784
327
466
758
779
570
177
133
366
903
202
115
545
682
529
532
841
207
222
431
172
172
953
440
991
868
813
919
597
837
594
932
391
240
504
671
414
939
264
417
104
576
215
113
505
722
534
828
160
985
99
111
432
809
774
446
430
65
703
957
256
232
249
550
544
428
714
827
532
857
640
884
797
339
470
577
638
965
39
11
965
868
763
31
703
430
672
563
566
88
993
183
963
796
249
635
906
395
306
617
324
933
677
531
419
476
107
711
50
963
854
263
870
353
9
860
846
222
976
85
132
701
673
656
804
789
54
918
3
11
590
188
884
147
472
781
830
282
328
620
210
982
256
778
214
498
279
108
849
557
531
242
807
720
218
521
529
574
178
280
789
48
583
140
298
848
271
135
531
618
76
184
994
607
176
180
731
479
558
236
765
323
560
480
207
911
653
412
948
630
536
946
794
538
876
570
944
253
827
748
904
478
369
101
998
830
856
270
413
588
920
73
762
991
352
367
180
678
349
138
213
106
752
930
666
236
487
340
193
988
806
470
457
794
149
813
503
146
105
546
972
204
779
978
274
761
744
756
793
576
772
34
336
824
320
404
43
466
891
853
907
654
153
782
524
379
99
309
311
122
986
950
522
77
773
627
467
838
896
708
740
727
811
890
892
932
38
215
147
638
448
169
4
70
937
87
589
295
192
788
53
546
102
246
843
870
787
541
792
667
738
826
166
384
898
869
142
481
423
754
664
905
375
510
878
411
29
617
601
168
712
514
517
615
514
447
999
857
641
803
545
27
513
778
635
354
581
971
855
198
119
653
354
166
362
105
417
496
656
774
347
492
972
963
631
687
607
613
137
628
445
679
948
185
169
649
946
54
337
199
733
722
27
726
933
491
367
110
313
219
94
893
978
947
193
692
692
117
782
288
897
42
60
950
561
524
417
478
782
227
794
707
929
262
217
443
18
64
801
743
842
405
523
502
150
794
419
535
998
59
519
973
601
938
662
212
452
193
495
368
525
322
203
228
345
362
345
767
576
968
891
90
200
411
561
340
722
565
698
396
884
37
374
992
588
105
6
983
575
695
286
602
448
825
219
906
9
656
814
991
481
899
120
368
758
715
885
992
705
866
324
28
248
117
116
91
82
801
292
376
759
474
480
922
938
651
739
690
505
79
598
507
538
12
472
182
576
87
463
430
136
161
21
869
548
80
471
298
344
919
672
850
211
153
31
252
696
673
790
703
237
586
533
810
476
990
564
208
109
220
900
178
785
257
802
307
111
215
737
509
595
180
45
662
310
83
559
548
771
854
322
480
951
621
800
44
877
706
743
729
919
36
687
789
969
468
765
690
611
850
422
603
575
571
294
734
929
922
29
289
764
510
752
432
764
964
780
92
173
186
195
650
412
178
551
978
152
505
237
641
187
886
66
335
114
872
616
410
796
588
515
467
121
761
450
51
820
328
98
451
300
317
478
287
19
508
149
904
671
447
176
240
545
658
332
557
57
33
527
725
183
766
688
676
25
132
84
659
292
457
420
93
592
221
207
827
950
455
998
398
969
728
934
664
306
542
884
242
532
13
395
248
516
799
921
155
414
606
924
122
921
697
912
547
724
287
684
856
722
933
459
51
518
948
669
425
329
724
677
426
647
585
507
534
479
998
891
570
127
646
155
429
311
382
30
537
615
730
901
657
811
165
547
536
380
85
273
333
827
978
287
332
998
20
84
207
997
780
27
825
172
332
388
694
881
522
357
391
857
22
430
317
613
613
334
789
628
698
986
348
62
71
694
754
466
890
438
61
740
757
913
298
601
825
667
806
446
579
806
325
594
651
828
473
302
787
925
294
113
123
35
558
952
159
787
596
88
739
320
516
521
523
552
933
748
655
390
426
462
280
867
344
561
308
703
989
955
929
873
789
771
604
843
830
849
962
630
661
384
49
286
495
729
865
102
97
513
534
82
885
613
951
336
861
848
876
368
711
753
989
166
337
450
328
159
87
643
493
452
324
606
595
534
82
860
605
376
832
13
539
725
2
631
752
130
803
510
989
191
710
417
858
642
715
861
382
842
283
466
836
216
450
711
713
323
805
480
623
401
447
275
67
632
261
727
819
552
716
787
201
670
616
587
382
126
165
168
145
592
175
728
965
813
201
136
656
337
638
721
629
967
943
454
212
16
3
269
905
917
213
598
466
784
183
283
914
155
128
124
223
481
745
751
264
117
516
456
114
430
48
497
868
273
329
936
901
672
141
654
255
420
438
53
559
41
440
350
163
411
399
578
968
276
23
174
660
633
610
350
738
893
552
968
392
280
218
95
718
91
628
563
896
815
848
832
166
118
701
221
341
869
546
952
343
147
679
637
802
44
312
809
797
439
802
573
412
576
317
234
805
215
711
681
645
854
291
716
79
199
45
537
335
539
400
108
126
165
336
558
368
746
403
195
110
235
94
19
252
822
474
77
982
529
926
800
123
538
30
537
88
589
859
548
562
913
450
996
159
610
489
465
160
444
932
354
143
947
96
595
765
253
764
645
417
192
43
990
415
482
274
903
673
338
769
872
580
690
10
143
668
329
554
261
32
179
278
821
364
265
429
110
529
503
685
627
755
83
32
554
63
456
136
577
947
544
473
103
115
691
987
97
45
247
273
649
436
375
281
4
622
584
352
883
473
600
286
78
118
195
974
48
602
724
370
360
430
869
675
456
118
883
836
526
389
736
215
450
156
633
313
29
918
593
107
934
761
754
807
189
563
452
724
242
369
271
62
361
205
373
373
273
647
991
591
8
997
21
825
235
898
987
977
171
791
595
545
790
633
281
266
721
814
822
67
436
133
674
52
20
309
280
331
993
657
124
922
322
856
991
225
324
326
561
149
240
810
153
124
673
781
168
546
151
611
634
905
549
347
741
955
134
133
737
683
390
765
239
225
857
215
784
27
324
298
894
646
495
506
617
49
89
310
960
429
101
46
215
996
164
315
665
328
897
577
518
141
310
613
215
514
115
919
640
179
611
105
98
439
716
430
701
50
420
47
543
140
183
88
179
789
467
850
880
638
345
77
908
413
520
365
492
611
756
89
339
85
551
883
317
14
777
963
343
736
363
565
830
980
843
250
597
437
301
287
504
49
308
432
454
174
340
673
112
120
693
531
107
397
606
906
249
109
644
79
81
177
456
609
321
330
327
557
931
23
238
397
162
290
431
447
225
777
935
873
244
277
210
551
219
406
754
482
220
966
73
994
659
189
201
487
882
694
654
669
460
533
205
652
119
116
426
821
692
40
722
836
245
886
706
457
78
474
566
134
744
170
668
68
921
281
563
555
830
781
562
340
897
86
873
705
795
476
971
26
162
155
985
336
187
421
681
898
548
757
800
151
663
329
699
617
352
4
66
16
204
975
604
542
186
693
232
939
713
339
982
963
770
890
583
468
925
175
273
620
925
526
851
938
711
179
219
788
700
695
813
174
650
137
664
262
216
919
458
171
294
918
833
345
904
358
486
745
208
603
736
336
749
219
867
59
173
395
844
663
48
919
125
201
920
560
305
358
861
868
176
478
339
418
757
117
43
90
776
256
182
14
155
728
759
377
527
188
757
695
250
855
643
427
960
606
961
354
131
399
388
407
188
40
671
314
531
922
336
791
393
203
675
838
564
569
755
581
381
214
15
67
470
719
149
362
366
368
535
563
273
414
984
115
612
932
560
712
629
741
271
17
149
68
680
443
562
818
464
162
426
835
416
688
485
979
711
34
871
90
363
841
276
745
577
48
154
812
802
872
606
402
813
213
954
448
797
618
353
146
953
900
219
112
74
33
306
360
823
927
901
34
958
779
313
280
329
376
568
379
672
740
145
313
244
373
293
670
891
482
691
406
264
878
106
118
180
204
672
903
173
657
274
962
22
432
481
318
947
955
180
211
827
523
318
23
391
402
616
947
105
89
699
407
576
697
696
260
462
699
517
48
20
379
727
691
354
97
114
575
314
974
361
923
693
872
652
880
478
906
22
973
86
831
16
230
274
66
995
853
270
658
752
917
788
950
673
711
875
727
801
621
444
177
653
660
309
224
967
683
363
845
382
93
451
579
224
341
308
470
279
182
480
570
785
284
810
838
824
395
499
880
394
929
799
758
62
259
125
35
195
798
199
208
632
370
458
327
211
476
835
402
272
277
913
928
32
557
718
653
622
300
677
303
866
82
60
601
749
305
122
491
516
330
841
203
75
337
450
704
492
150
755
491
89
588
732
105
202
432
211
264
841
745
740
15
582
116
654
817
373
674
278
918
37
329
641
539
866
481
8
435
213
607
985
57
928
694
465
537
591
921
94
852
551
171
557
815
843
899
252
519
752
3
966
695
117
978
821
909
339
31
805
378
241
896
545
128
665
581
450
610
85
385
847
249
120
401
248
656
318
85
349
367
56
223
671
37
755
614
994
679
534
19
60
72
66
348
309
769
601
963
883
379
503
727
565
478
836
934
459
448
971
969
8
585
199
139
209
638
240
990
677
696
980
798
827
588
815
741
707
431
547
57
936
738
420
712
12
176
602
295
763
757
773
308
291
734
162
524
874
984
259
353
777
394
989
271
188
734
772
31
486
285
972
226
223
428
34
139
922
793
398
414
585
498
889
219
58
445
274
950
886
610
130
46
990
453
606
417
551
23
751
485
295
501
549
399
125
305
40
724
840
657
349
195
809
207
233
605
803
723
505
16
386
173
390
820
544
792
518
96
534
525
508
223
908
633
390
23
747
227
225
441
30
105
284
137
358
620
378
76
984
217
320
296
874
645
9
220
6
360
890
584
466
788
296
598
128
472
672
676
259
860
673
100
548
759
369
712
48
405
337
130
951
364
135
393
717
284
299
936
345
569
891
143
248
81
951
990
25
358
221
237
492
262
16
814
497
35
910
610
657
898
195
534
803
603
26
453
432
60
300
565
531
950
572
688
146
402
908
281
170
639
54
539
897
995
197
873
713
215
367
229
999
886
18
395
564
517
161
62
33
646
979
891
788
155
838
648
973
670
452
329
882
879
211
721
747
943
59
213
255
290
841
296
108
606
741
425
577
15
108
134
856
782
69
856
726
202
515
526
740
842
826
259
513
649
357
214
991
147
643
857
991
288
779
978
489
287
514
63
889
699
995
380
593
619
993
735
295
751
514
607
405
331
409
624
702
334
944
163
818
181
732
935
456
602
990
937
993
197
258
594
207
761
485
45
83
259
596
224
795
235
632
282
690
205
118
636
397
139
650
600
529
538
655
275
768
94
162
180
562
602
851
44
941
887
972
466
195
37
644
797
650
973
893
456
129
888
514
164
311
475
283
913
866
159
630
710
977
259
7
640
465
706
413
338
407
965
566
538
438
263
154
848
857
323
709
601
731
115
572
57
673
727
28
349
95
478
259
818
508
74
585
598
852
209
26
490
958
834
827
364
249
832
632
882
177
522
918
204
351
890
804
958
547
847
714
247
627
555
648
189
523
409
145
559
934
261
142
660
285
87
351
851
9
750
410
237
716
244
434
83
933
711
672
319
623
137
687
35
31
94
707
203
611
238
98
75
736
197
4
101
106
822
922
492
867
376
180
87
959
618
56
34
289
139
921
733
740
611
746
358
420
829
803
131
203
824
142
152
86
91
897
666
806
230
106
363
322
723
88
526
211
634
558
405
946
859
166
488
220
669
918
277
200
988
583
468
591
308
49
289
179
344
982
62
696
620
245
883
858
43
7
630
909
885
402
790
660
514
994
989
316
946
769
573
103
211
842
920
996
536
163
253
344
138
953
707
298
705
72
349
502
600
326
306
916
270
433
330
394
806
637
439
711
437
98
591
944
177
440
285
667
450
469
486
972
778
720
561
572
441
990
562
457
914
261
721
95
301
759
666
997
463
812
352
108
520
340
435
592
625
849
865
690
825
33
411
90
564
42
880
862
707
660
314
38
431
260
249
159
378
377
596
760
714
317
604
521
446
754
428
767
543
135
61
173
337
190
49
659
27
618
649
805
255
44
858
556
399
7
623
856
272
623
450
378
902
638
519
850
94
722
232
310
196
903
64
262
788
954
851
208
122
291
664
804
385
241
519
698
39
868
855
201
238
852
314
833
806
450
721
67
347
490
790
499
134
647
172
664
393
587
693
812
479
823
983
439
268
676
423
352
317
199
160
497
795
216
11
776
750
19
163
134
627
86
474
59
379
921
751
464
245
409
918
219
48
76
899
93
440
94
107
101
474
228
200
24
291
69
339
696
732
435
98
743
313
837
789
648
815
82
983
102
503
619
288
917
76
792
305
549
840
473
907
627
569
255
264
908
649
398
63
31
784
236
641
567
565
531
476
231
539
957
687
999
101
358
248
912
362
30
94
739
407
719
141
142
786
117
838
625
543
645
439
941
191
273
713
907
397
263
492
894
655
842
474
28
20
776
966
11
971
628
851
466
920
991
334
788
304
822
719
594
715
777
256
123
939
76
817
652
109
248
189
519
726
251
143
745
617
785
127
834
88
375
736
774
606
433
502
607
968
915
510
844
719
566
337
863
625
650
257
533
88
195
936
241
52
844
712
951
706
785
303
606
588
286
191
795
197
198
387
911
657
556
70
122
969
262
899
339
678
323
294
563
451
735
450
168
330
875
642
417
973
975
589
687
503
895
271
84
378
593
134
814
404
14
971
583
334
770
358
778
956
160
460
716
304
8
647
300
510
45
151
488
824
613
197
852
353
109
686
558
982
144
482
140
130
241
128
37
478
652
408
791
216
734
992
125
139
888
714
450
899
595
876
25
179
419
12
485
592
184
458
771
365
993
599
764
414
497
616
740
180
907
276
395
202
872
771
652
432
946
449
494
545
575
179
936
401
245
996
815
830
993
127
256
886
544
954
526
402
652
954
675
842
431
944
782
808
202
188
231
778
294
814
185
476
431
521
175
151
290
844
164
756
537
146
916
820
15
255
828
221
730
541
602
349
561
442
365
974
660
181
787
404
186
463
15
932
73
468
192
555
329
29
557
942
529
981
563
369
60
328
354
786
318
733
746
302
992
357
958
214
91
321
875
482
394
52
949
613
435
791
579
832
432
261
217
496
846
706
863
693
496
299
235
297
154
219
579
203
366
706
295
611
531
686
183
532
427
411
346
3
605
320
710
123
35
200
941
746
963
957
842
461
926
889
460
533
859
269
197
383
636
333
478
28
10
920
364
782
269
599
266
908
61
180
462
907
629
557
256
354
129
859
490
137
285
10
298
91
226
357
108
758
716
785
376
36
165
198
277
345
688
842
746
507
331
648
906
901
771
330
33
604
453
26
790
801
782
453
233
918
275
619
868
486
162
852
369
937
99
657
423
23
312
230
173
702
293
527
679
714
207
283
137
649
375
497
983
668
589
316
952
888
270
88
591
170
837
357
314
656
479
208
765
380
18
951
566
581
509
567
167
360
100
110
417
286
600
355
593
28
63
129
698
224
74
519
439
208
651
672
615
858
165
57
491
758
221
799
28
215
781
969
642
884
408
7
157
214
689
550
188
606
8
806
344
312
767
714
381
444
262
248
886
332
361
52
719
791
200
139
772
92
822
979
226
82
958
638
841
102
817
117
496
455
31
603
874
309
170
684
850
252
269
571
750
953
731
446
871
633
29
897
618
44
491
642
230
899
196
801
697
612
368
897
298
585
405
214
155
566
163
297
199
595
252
861
948
162
321
220
955
489
674
745
788
246
280
681
640
397
660
892
704
761
663
211
471
954
405
270
379
915
969
564
480
273
127
481
865
568
846
933
544
172
456
972
574
968
196
986
484
367
120
652
624
831
404
307
287
791
16
534
966
549
927
37
197
122
515
886
65
249
423
140
385
835
477
725
499
733
778
747
239
219
603
755
799
25
531
832
834
987
157
557
826
75
344
164
929
144
717
806
407
601
461
243
675
423
17
494
1
908
480
818
160
94
629
739
572
981
765
267
684
240
523
844
380
611
716
904
620
682
242
76
161
7
15
964
151
421
483
427
482
535
362
117
270
998
56
841
298
327
346
2
436
844
939
170
235
610
478
866
244
718
271
634
697
933
316
54
67
666
578
563
85
239
286
710
932
847
863
888
420
913
260
132
198
531
87
903
456
311
230
271
906
54
203
285
200
690
178
278
207
555
307
188
623
587
265
63
457
927
234
474
410
104
924
797
628
633
394
19
497
28
209
308
649
745
293
820
218
467
707
509
312
736
106
997
814
416
868
978
314
348
325
95
935
307
455
184
696
47
932
513
36
812
419
879
989
168
835
799
662
492
783
122
665
95
901
347
703
913
692
695
668
124
290
412
883
179
439
905
98
686
470
264
434
820
668
438
700
424
532
556
651
160
828
167
726
616
735
179
659
196
418
275
341
987
306
610
741
738
55
862
945
784
27
297
265
434
302
691
358
300
140
266
832
999
459
901
12
9
66
608
410
681
501
231
172
440
309
333
432
293
258
957
39
71
690
328
184
995
259
465
654
523
597
690
360
24
338
736
613
431
8
56
493
202
907
85
284
22
84
824
186
727
309
713
479
477
304
293
271
540
810
214
398
159
843
531
72
93
4
52
531
162
439
7
656
101
180
412
817
329
969
796
183
320
805
7
64
381
979
571
896
459
225
529
823
292
998
781
70
78
927
235
523
250
734
633
916
911
262
960
549
212
672
124
513
40
746
291
846
908
104
807
169
159
802
420
973
868
347
934
907
878
554
25
166
641
366
39
417
835
55
705
377
6
744
57
315
250
728
503
894
986
825
947
484
183
982
38
461
663
412
781
588
832
532
85
157
716
155
337
972
304
93
662
175
377
530
283
381
897
945
900
131
865
77
623
540
235
554
6
130
695
552
631
632
106
241
593
858
749
933
824
257
424
745
952
331
205
608
106
983
74
268
131
748
336
343
166
982
71
54
824
635
645
76
2
809
629
950
786
583
212
443
263
834
518
389
27
657
673
115
279
101
242
60
398
272
61
257
958
670
171
293
382
992
400
298
401
61
304
117
918
495
560
923
352
366
15
732
892
725
891
188
998
480
533
510
986
523
881
224
18
44
647
469
565
846
478
259
317
672
22
563
779
187
841
943
938
564
956
483
36
963
947
71
699
521
584
204
600
502
4
17
879
200
160
166
857
869
311
829
609
775
121
731
900
319
835
638
691
448
22
766
495
630
342
398
101
391
964
957
928
570
990
854
26
242
717
193
288
164
511
889
496
525
782
756
756
960
400
316
491
474
888
192
355
125
655
707
661
749
344
86
4
882
757
530
182
35
83
290
829
509
885
33
376
927
135
894
195
801
660
776
153
554
939
47
392
451
220
104
898
641
806
547
964
80
382
500
841
806
661
882
840
614
278
76
8
561
490
683
41
537
683
131
19
803
917
897
290
172
851
859
23
270
467
593
560
682
540
334
3
634
483
925
362
371
585
99
746
280
950
418
210
256
121
57
737
326
44
148
264
56
607
363
633
737
803
608
675
625
688
342
383
258
335
825
796
799
894
964
741
548
454
923
974
119
966
661
587
289
793
607
845
393
599
689
470
869
997
478
876
839
873
593
380
412
949
449
421
714
351
841
492
399
782
521
324
506
617
423
62
882
440
268
947
9
249
48
602
764
35
964
241
780
364
147
317
491
876
627
118
395
616
900
179
499
822
729
631
868
837
112
83
760
387
519
194
479
473
631
399
112
619
486
225
107
825
50
64
973
321
481
94
508
995
727
236
710
382
401
395
298
586
342
762
732
127
209
300
345
422
161
117
111
162
62
947
20
207
413
698
933
654
784
266
940
467
60
721
446
707
915
152
888
717
613
979
379
988
35
501
265
761
425
86
190
427
495
102
30
483
301
124
998
434
180
621
412
290
383
24
87
380
244
749
448
732
921
751
704
93
297
103
874
496
787
507
107
407
18
695
544
193
932
386
988
996
140
662
7
6
272
529
908
211
315
943
435
492
848
861
446
643
373
474
111
23
385
329
194
705
880
568
886
30
145
866
126
91
608
537
791
746
433
368
541
263
723
765
465
303
699
845
381
323
563
853
441
886
642
535
109
573
557
584
257
911
729
444
519
526
845
4
631
435
699
215
464
514
867
373
668
113
87
109
680
966
377
386
839
81
677
264
325
466
165
758
995
542
776
933
190
603
954
780
345
628
644
770
453
980
399
660
366
489
995
391
104
829
587
27
186
572
948
474
498
96
102
777
792
324
143
788
526
661
741
958
250
604
184
726
827
936
874
922
193
987
19
347
414
961
207
301
45
379
66
676
206
744
436
862
328
581
212
980
748
840
532
38
164
495
963
255
189
534
821
434
502
900
625
936
455
293
474
783
845
495
216
320
121
298
653
172
9
156
529
235
866
432
361
677
363
634
563
272
527
114
443
209
788
386
178
53
646
39
355
425
705
742
701
578
928
769
635
277
295
760
408
163
554
691
798
654
590
447
621
90
683
788
452
980
575
237
165
807
213
450
184
879
538
189
167
232
58
54
660
898
653
980
420
64
823
88
987
264
831
370
932
412
751
849
824
776
847
343
823
800
314
223
691
406
809
87
519
294
97
468
924
948
8
566
167
28
843
39
403
613
205
593
493
993
140
442
561
709
547
935
29
144
323
663
20
44
698
382
438
666
452
835
258
37
65
844
308
147
898
528
579
110
587
117
330
496
390
775
340
798
461
107
722
661
415
222
839
924
339
140
228
860
698
157
902
283
576
569
932
752
736
735
879
806
41
376
439
905
815
330
758
294
731
632
258
237
490
663
885
773
348
269
456
17
43
898
360
233
194
995
441
154
497
985
150
254
445
20
72
958
513
6
638
185
373
128
387
784
774
707
301
37
405
756
59
439
919
240
734
165
417
292
615
719
475
622
898
62
931
240
588
983
389
882
719
338
58
329
349
647
667
199
131
235
985
755
785
982
356
810
675
890
104
709
96
35
452
410
528
238
49
558
357
241
492
433
299
91
832
18
660
745
241
30
317
689
433
593
276
518
373
543
165
793
225
962
151
234
150
900
436
525
925
316
33
740
487
92
884
801
502
189
132
334
850
853
445
851
57
518
481
414
595
710
436
838
628
530
601
435
378
761
938
540
569
317
812
755
124
308
570
536
216
586
153
46
247
855
510
449
101
66
415
961
428
96
727
180
760
842
564
456
614
912
266
170
155
170
759
804
876
176
582
865
453
644
516
263
361
467
69
252
489
459
521
479
37
48
208
349
81
150
540
972
560
906
90
917
891
96
483
735
108
171
458
802
214
36
751
238
496
957
659
508
4
347
707
416
331
101
831
61
313
929
729
765
411
995
492
663
449
123
544
443
191
593
927
563
622
968
601
767
131
309
605
250
82
972
519
552
154
354
702
137
550
317
692
290
508
995
423
351
669
625
426
680
808
671
136
885
965
478
568
801
160
624
835
176
516
721
272
313
640
948
743
479
157
923
511
766
173
96
799
112
561
646
552
658
769
536
146
598
624
333
912
201
622
293
31
398
276
220
71
336
494
619
630
889
841
919
747
415
768
121
848
877
430
886
900
718
223
700
799
498
446
651
96
482
238
679
563
989
286
377
749
38
556
366
30
492
932
139
323
858
781
513
503
564
150
40
4
221
458
993
992
19
119
578
148
100
64
953
143
52
462
570
706
391
887
990
187
471
699
536
458
295
708
928
630
330
714
187
483
541
692
695
153
759
122
355
918
648
361
97
1
108
263
772
689
578
275
660
332
358
875
699
437
35
692
305
160
403
356
25
973
690
59
159
995
557
866
325
212
348
141
985
61
871
367
954
5
20
679
634
952
375
510
436
833
236
538
634
323
244
380
112
208
2
227
721
342
552
256
929
537
143
236
813
185
364
559
700
269
644
392
537
176
484
146
219
813
254
450
114
384
610
705
944
293
86
396
731
517
505
678
288
167
669
306
18
186
655
341
261
745
754
857
535
173
314
917
496
964
230
732
250
741
213
539
528
132
244
832
985
212
828
331
525
851
567
959
553
568
584
584
417
754
360
470
86
944
689
980
512
173
128
654
498
976
830
54
433
427
708
529
533
70
846
670
997
60
745
674
949
62
477
71
18
414
4
932
130
19
570
853
150
858
167
563
423
970
900
67
213
715
510
784
400
467
228
183
909
59
489
665
994
183
283
636
625
580
30
668
420
49
352
786
37
307
961
122
546
249
279
845
224
701
731
590
162
307
497
7
751
800
189
849
925
258
166
357
297
839
57
857
315
357
534
790
914
31
953
704
428
977
38
49
457
618
662
190
482
851
994
310
370
216
88
920
674
542
59
871
998
577
779
510
712
260
756
968
844
111
525
766
696
765
4
692
492
139
940
227
811
694
482
83
13
471
745
893
755
585
675
214
762
621
652
550
583
113
821
606
420
413
524
177
214
824
763
219
775
534
158
433
132
955
795
529
605
186
279
416
359
161
496
938
182
282
90
8
195
517
159
504
380
654
699
716
715
189
284
719
301
885
412
79
599
298
129
186
686
310
186
768
368
470
481
413
62
841
340
13
246
493
609
6
322
31
444
689
906
359
134
888
464
252
244
817
846
466
470
922
425
305
882
193
23
972
631
308
572
811
516
379
704
782
775
850
757
13
638
960
589
811
561
780
152
686
41
866
997
784
167
633
316
792
21
256
187
838
571
942
819
701
691
656
517
309
546
459
71
547
120
663
655
939
828
333
921
257
574
834
899
464
175
849
842
944
509
659
584
742
218
423
809
654
577
805
175
890
646
441
954
698
339
670
861
168
912
567
224
394
267
505
673
877
714
757
875
658
601
193
350
971
95
911
79
183
865
339
625
550
298
713
494
579
799
684
464
460
172
930
719
835
170
546
192
191
51
540
259
690
806
23
241
152
558
229
891
495
684
643
975
198
260
949
571
409
565
675
170
645
722
783
972
956
122
990
717
567
993
846
135
385
34
7
879
318
406
927
92
167
56
769
574
916
657
795
641
607
826
977
549
25
165
748
439
73
423
523
474
697
612
744
666
982
425
849
687
295
241
251
917
340
261
692
885
84
626
433
664
263
938
667
784
457
855
609
760
100
315
280
812
204
985
642
566
570
952
899
544
143
203
955
684
741
254
186
173
909
602
170
137
364
278
657
255
735
871
635
353
157
670
864
876
382
606
404
875
344
464
514
252
651
498
199
101
571
716
889
671
383
695
104
866
590
655
327
938
208
217
643
374
705
480
408
854
501
502
605
785
177
764
744
514
695
671
592
564
238
214
959
2
683
334
232
537
513
458
437
611
607
400
12
777
452
993
189
892
594
765
225
209
251
677
874
346
411
861
839
875
870
87
661
105
378
786
525
15
681
625
757
732
874
8
160
423
849
779
858
444
402
331
656
627
552
932
36
616
790
797
151
318
57
264
514
953
533
409
972
885
830
18
797
886
555
774
6
984
294
311
478
270
653
750
423
834
722
681
634
55
928
594
372
574
884
83
411
214
33
497
182
40
818
268
686
100
205
520
697
936
515
633
755
30
312
663
75
982
908
867
16
27
732
189
171
53
777
350
129
129
669
419
396
870
404
526
187
234
233
276
77
885
699
934
961
225
375
99
506
221
396
518
504
259
819
275
812
863
97
497
790
785
898
644
464
389
910
882
671
636
344
714
109
279
736
966
746
755
887
599
159
75
827
568
116
458
445
24
681
788
756
923
776
12
31
608
543
143
859
795
263
28
968
514
633
744
112
187
190
386
763
808
813
685
759
229
86
737
83
585
855
67
983
769
677
815
554
658
728
710
479
212
939
921
272
970
916
940
199
326
373
523
37
92
930
90
96
431
876
83
725
791
93
295
592
626
730
8
450
222
993
428
353
963
610
844
782
290
699
775
601
720
565
364
580
807
216
788
14
928
228
904
398
817
489
269
117
873
677
252
58
197
361
608
497
454
387
712
822
1
442
105
343
580
496
206
250
776
840
505
450
819
745
357
858
451
670
408
802
413
40
418
671
173
366
204
447
746
748
195
584
304
933
374
969
209
897
650
964
893
22
654
674
143
714
862
894
455
66
683
243
123
462
363
970
145
757
995
168
624
502
902
450
978
391
75
39
996
152
908
342
437
854
393
301
540
50
435
264
684
906
383
930
405
491
894
437
188
617
980
174
3
923
106
797
938
486
640
864
64
166
511
952
810
188
448
915
809
975
620
522
608
834
403
429
695
600
841
193
749
184
55
410
921
845
946
47
942
880
353
18
12
743
698
447
629
934
943
146
461
182
786
25
847
386
259
16
253
17
342
580
678
908
531
111
92
482
807
204
769
227
810
968
855
439
970
733
147
118
204
246
725
262
792
587
387
529
436
258
483
563
934
941
694
959
511
681
295
53
439
70
134
126
559
65
792
128
663
563
190
762
820
658
192
771
970
867
840
924
885
191
220
568
448
477
835
100
371
251
773
19
676
516
390
123
855
911
985
400
498
788
362
545
632
655
712
715
767
514
104
667
345
298
576
203
944
322
3
835
669
287
171
393
326
429
62
239
864
243
372
454
529
2
382
732
518
707
806
365
173
84
726
914
46
785
593
761
661
495
986
700
36
997
764
668
532
708
315
661
715
784
182
345
909
249
417
406
28
53
22
773
173
148
725
87
521
93
30
238
122
541
341
937
52
105
380
534
720
386
735
120
708
575
723
606
958
751
198
728
189
556
140
386
344
709
804
860
128
445
409
392
929
490
738
438
671
948
30
620
130
791
571
589
97
6
660
504
862
953
477
57
467
930
147
13
404
278
306
735
341
871
708
530
83
153
132
230
72
834
960
341
724
242
124
75
713
626
95
960
118
574
114
503
58
86
740
613
374
650
434
923
924
438
376
410
471
650
881
695
918
135
543
484
58
379
519
570
630
195
134
246
353
863
902
96
173
439
262
189
8
926
55
127
323
987
258
926
230
435
370
689
592
650
8
996
637
307
868
448
923
259
855
756
145
421
628
785
636
193
372
907
463
815
57
506
751
283
961
105
561
193
297
875
302
847
341
9
594
100
684
820
903
368
455
34
331
507
147
501
655
697
873
317
731
894
437
798
523
302
24
744
516
437
623
94
120
939
118
283
540
232
382
913
482
425
936
802
956
472
529
452
338
817
603
207
472
571
229
183
75
670
83
876
694
694
908
632
630
827
803
522
845
91
60
992
380
917
428
870
396
434
830
942
882
505
302
192
264
275
443
227
932
575
543
251
355
752
401
999
125
619
875
348
427
462
363
462
663
153
443
614
510
321
765
563
463
536
830
177
404
386
562
494
116
763
989
158
852
18
417
851
872
582
221
298
796
329
450
48
235
418
369
19
176
30
286
868
29
854
533
833
329
517
897
547
750
863
228
817
749
11
198
167
35
361
101
498
181
367
94
460
790
385
736
325
376
812
227
328
919
392
349
401
387
88
399
359
964
476
468
727
154
851
20
830
908
212
682
351
373
200
265
312
630
565
715
82
980
199
697
455
874
756
940
364
665
707
677
79
308
26
774
733
709
886
785
615
784
393
690
607
591
493
36
309
592
483
839
927
360
306
254
215
538
848
14
427
53
552
982
381
576
821
615
278
512
430
906
616
899
525
319
877
135
69
499
740
33
895
73
246
100
943
417
469
359
639
55
808
39
992
788
842
291
756
805
278
149
675
490
566
269
679
196
831
852
170
326
114
762
702
572
520
869
281
64
970
867
533
550
134
67
192
623
64
205
861
433
336
334
839
809
393
144
65
673
827
572
736
43
897
728
492
897
280
380
131
345
286
179
817
365
903
21
660
225
723
832
856
480
82
257
216
252
949
562
82
52
374
936
127
51
573
832
623
344
186
619
826
334
804
11
400
852
441
707
135
787
878
764
385
247
502
533
972
114
899
772
26
584
851
5
684
584
978
340
101
909
700
34
987
596
551
826
437
570
250
481
475
276
916
694
943
58
215
443
676
851
18
163
146
799
409
451
464
348
451
243
421
489
469
323
737
115
642
26
431
467
601
725
69
213
684
221
88
62
294
26
472
196
449
252
199
354
511
72
11
838
186
702
312
130
564
270
668
647
559
701
675
183
914
14
971
157
753
996
765
306
783
350
426
300
811
707
87
922
795
498
59
474
791
831
497
113
746
630
238
928
358
716
276
156
831
875
375
56
904
429
615
778
741
511
21
895
993
29
968
270
876
875
478
971
83
302
606
217
562
615
386
243
962
950
926
416
78
378
22
547
607
42
271
545
967
466
26
20
501
410
632
738
206
481
864
995
902
978
114
812
58
184
127
319
544
549
872
303
122
574
16
71
994
573
787
192
720
640
822
780
785
81
741
418
530
234
650
310
759
946
454
860
449
339
626
24
824
62
358
149
273
531
327
422
829
118
158
734
666
343
865
720
244
294
209
322
321
173
991
763
937
613
537
729
556
193
290
316
661
893
768
85
635
756
876
561
538
837
591
437
217
564
665
849
235
74
736
124
204
616
733
684
267
285
471
920
929
107
479
508
86
622
14
454
541
470
789
643
132
657
710
122
26
974
542
213
170
147
605
151
199
285
211
912
515
276
720
188
981
413
647
747
174
54
910
831
867
51
603
486
106
42
770
322
267
16
450
966
495
403
218
122
308
918
78
254
705
368
129
427
864
360
84
804
700
153
614
482
759
301
48
614
886
302
703
125
185
813
269
243
721
925
617
675
825
205
675
317
942
771
244
674
746
643
718
935
56
147
786
276
6
996
24
886
810
928
580
129
461
254
635
398
524
144
606
518
923
286
625
19
300
716
827
544
820
165
607
792
904
66
263
510
681
443
360
794
311
953
756
502
291
943
327
638
870
105
669
921
528
56
495
227
192
869
73
427
618
654
509
811
127
179
271
121
416
143
594
665
830
342
738
463
958
605
257
164
337
168
108
160
407
280
677
441
694
643
285
61
601
955
14
348
953
421
757
307
934
652
662
964
89
757
10
714
12
738
114
88
511
994
529
538
766
945
386
963
51
750
987
895
38
738
292
61
361
881
685
201
521
57
771
785
44
281
847
135
40
67
171
904
683
21
150
801
154
182
670
631
408
807
90
116
604
31
153
859
221
121
540
976
583
835
775
128
223
830
548
456
941
519
85
617
626
298
260
166
900
509
171
475
892
763
11
980
438
588
129
223
578
988
594
852
919
190
823
682
322
844
524
332
792
373
835
624
531
805
90
986
277
806
148
418
187
209
451
924
864
799
14
120
701
988
336
251
12
591
261
546
308
164
876
658
601
6
906
608
36
667
888
317
468
365
373
236
183
531
6
1
335
890
8
448
676
710
355
3
471
685
964
702
954
672
770
738
990
487
789
38
819
442
42
143
450
37
204
212
815
227
670
863
450
331
18
765
34
642
734
970
567
95
863
873
708
831
547
813
319
340
728
68
745
20
437
789
188
49
205
876
587
636
781
543
314
570
294
951
241
811
988
608
376
42
960
282
153
99
619
630
16
461
356
522
557
759
316
537
228
244
945
151
106
259
693
837
875
684
503
935
365
773
946
609
393
846
535
954
931
263
558
187
911
456
976
253
951
611
921
28
997
228
927
730
579
777
766
541
730
52
534
729
299
290
933
388
294
683
784
456
703
75
960
791
381
167
44
852
681
807
205
571
526
219
137
8
75
391
219
565
446
964
223
816
880
938
993
370
998
921
992
760
863
672
499
498
47
460
575
338
158
119
890
89
143
281
387
537
30
120
442
329
370
395
81
463
566
962
714
341
512
578
984
122
958
990
448
809
849
637
44
197
641
765
777
543
22
791
329
576
164
994
455
745
715
420
475
197
876
642
382
658
574
507
659
825
497
826
580
489
842
802
637
83
945
231
944
735
8
596
548
912
309
374
966
767
785
792
131
779
682
477
613
526
139
419
259
750
569
214
222
195
755
159
839
342
742
869
744
137
841
528
277
340
742
13
307
546
913
456
671
524
498
608
688
102
636
201
553
102
118
829
273
533
751
701
229
12
921
247
889
789
685
60
819
412
545
74
817
401
291
497
300
364
542
856
704
817
908
190
348
8
954
860
47
69
205
530
498
233
835
841
20
982
595
306
706
531
973
777
645
570
479
339
109
258
476
660
279
382
270
783
53
354
647
91
850
152
797
831
948
11
657
832
919
434
175
443
545
357
921
11
52
635
966
217
402
545
761
857
319
752
741
993
397
545
713
256
953
893
5
239
761
86
276
449
660
788
19
646
91
847
423
667
262
132
973
160
903
130
757
73
251
896
723
597
119
905
185
350
385
516
379
264
493
424
590
14
257
485
181
965
944
260
991
431
902
977
296
149
129
799
56
573
561
500
29
538
898
980
855
629
306
392
968
232
15
292
251
139
944
105
339
498
212
148
816
967
62
123
562
903
240
977
633
88
672
509
136
363
136
260
742
1
778
199
714
42
35
605
43
578
695
928
359
882
674
854
363
992
494
842
88
573
30
258
784
740
701
909
989
39
414
170
137
523
391
201
774
983
702
48
843
835
646
254
431
366
302
846
727
914
691
676
981
894
263
684
574
38
852
728
897
75
927
648
115
445
553
187
598
797
544
624
10
827
756
521
476
818
722
163
369
598
262
881
604
816
276
692
253
261
640
708
193
911
752
708
240
947
810
712
313
939
221
328
261
338
214
447
539
574
211
653
3
328
488
670
814
503
246
925
282
375
246
948
769
176
89
859
689
367
958
249
324
247
128
330
730
214
563
995
167
898
19
193
649
834
876
987
152
481
839
543
206
156
226
198
799
475
178
404
162
894
597
521
780
658
439
131
687
350
374
640
205
916
373
605
347
573
41
163
812
549
250
443
875
869
650
698
443
939
356
264
244
733
96
180
243
886
117
298
238
297
223
152
584
849
689
54
489
608
427
700
128
488
898
824
896
286
47
932
325
994
502
853
345
572
520
350
669
589
363
972
587
366
520
859
657
276
28
889
542
867
87
688
540
494
245
340
308
128
596
960
864
594
19
36
269
266
410
243
890
530
760
218
697
179
346
698
669
455
747
139
480
222
732
13
383
105
970
508
508
542
573
932
239
872
533
997
390
244
276
820
934
446
856
229
490
340
854
439
222
41
822
392
825
285
836
492
737
602
687
955
354
307
58
910
316
475
88
506
403
959
458
623
465
528
832
760
909
946
793
142
1
54
979
789
340
651
858
819
62
30
205
76
730
203
437
281
83
777
371
465
708
827
444
52
476
903
380
500
650
84
954
677
205
241
706
559
474
709
236
307
69
403
132
526
503
829
764
467
216
787
312
466
808
321
573
632
345
972
372
80
442
178
110
551
558
68
2
366
782
856
941
242
199
661
911
976
541
177
625
701
560
338
213
635
746
965
879
635
656
773
237
214
184
863
151
716
403
601
705
749
227
351
801
515
262
156
757
576
871
743
554
793
717
989
306
32
711
399
612
989
459
929
801
442
467
185
193
85
112
549
228
272
286
665
66
431
889
102
55
385
274
310
142
356
729
762
853
628
967
981
612
153
304
744
788
472
374
435
7
871
314
761
488
736
822
903
214
750
339
846
185
498
330
672
915
214
436
47
640
713
388
385
955
513
597
603
470
214
530
729
967
397
435
632
965
978
605
886
852
539
679
906
981
732
469
426
406
92
609
459
724
10
873
565
16
668
717
513
900
862
17
844
624
399
15
373
497
136
625
858
820
73
574
861
202
148
58
782
674
663
244
169
18
79
940
847
609
163
583
236
816
7
213
176
813
963
220
466
621
811
26
144
569
285
380
766
156
829
463
88
560
572
420
164
879
855
65
115
624
13
301
161
996
692
670
979
360
935
166
707
848
831
519
861
157
529
907
599
102
940
875
686
892
652
519
145
317
182
919
411
566
252
223
445
143
21
361
14
479
130
521
872
873
340
511
595
84
316
535
456
648
36
132
180
224
879
420
920
109
942
618
627
408
230
246
56
236
255
206
882
611
594
86
524
132
325
336
392
493
122
414
682
765
84
432
489
661
358
15
998
532
144
590
472
826
847
396
639
112
992
977
85
272
634
118
608
209
82
637
7
735
978
873
720
387
304
299
161
283
881
917
542
289
891
197
245
331
342
59
742
792
169
828
479
174
202
998
878
666
673
637
195
743
572
792
55
200
163
58
735
459
820
156
251
896
73
505
987
998
338
214
715
626
426
250
868
770
175
946
695
487
565
778
675
802
442
421
302
290
148
970
690
322
319
58
697
978
592
385
375
293
718
36
918
434
853
291
840
825
750
714
662
354
48
686
160
939
650
481
964
267
604
159
976
175
801
706
87
900
469
533
364
364
324
778
112
811
931
485
793
374
698
796
757
235
644
969
292
20
427
591
901
277
323
73
143
893
91
597
852
438
953
587
727
923
357
27
818
813
630
563
429
606
562
826
178
291
746
439
556
465
856
783
730
15
466
423
356
982
497
141
540
777
471
516
482
272
135
388
586
661
94
222
34
933
484
781
398
294
73
761
792
963
530
938
134
76
286
666
413
592
300
494
849
558
284
818
228
697
178
675
821
996
27
370
533
39
535
757
191
575
672
122
830
639
116
189
205
610
979
575
94
256
320
956
741
278
32
372
661
7
767
94
910
844
864
396
306
947
509
20
54
42
465
130
143
368
590
765
125
443
820
577
505
684
302
600
79
111
245
998
974
802
660
824
509
276
51
533
57
211
508
874
276
118
430
51
482
716
534
291
469
905
540
505
879
833
529
683
862
400
425
956
451
944
45
265
416
810
661
656
27
268
579
4
577
672
509
129
422
432
815
918
980
166
986
252
850
100
825
611
694
445
873
969
798
647
60
268
166
460
7
151
284
197
153
21
944
97
440
258
97
112
173
911
247
418
48
821
267
571
529
400
449
82
754
241
830
781
378
627
632
545
554
859
464
371
211
630
884
91
439
999
936
335
68
74
719
236
826
185
386
303
948
120
434
687
766
250
574
782
124
84
790
330
10
139
30
496
132
865
784
531
958
947
827
631
847
781
205
971
539
185
431
937
548
974
35
568
938
819
480
924
104
345
202
627
136
210
542
835
555
94
617
804
582
626
974
222
194
857
688
466
227
568
108
761
13
483
34
209
431
282
579
40
664
586
235
440
127
338
483
101
351
511
796
123
989
237
949
32
424
738
762
912
452
650
209
243
48
353
79
470
179
162
503
482
165
705
843
287
907
683
68
406
333
396
400
178
64
999
125
44
826
363
138
615
989
923
469
463
521
398
844
618
986
984
290
533
764
609
982
221
966
5
713
9
603
454
327
39
504
624
573
200
693
496
877
366
331
772
770
149
8
748
946
50
301
887
178
739
272
833
373
286
541
487
297
550
833
38
171
841
990
315
231
56
509
637
561
79
59
523
174
464
695
250
764
153
595
486
658
444
299
792
958
542
904
404
155
652
177
25
172
952
436
404
804
476
865
755
52
678
451
619
895
539
415
130
359
947
988
253
757
223
638
737
282
56
312
443
278
164
362
451
241
579
84
921
228
304
390
802
187
67
941
123
939
476
166
325
24
749
644
469
305
378
627
95
512
769
746
500
598
330
16
950
306
63
976
927
698
74
378
896
355
471
729
926
412
676
628
468
14
928
361
219
583
221
59
513
270
188
876
807
304
608
166
765
949
664
378
932
20
323
20
91
839
369
298
431
44
185
300
962
231
73
975
550
121
787
755
4
708
531
721
664
69
843
693
594
218
461
51
71
57
39
330
888
640
137
147
619
270
267
502
888
239
557
967
116
241
525
5
335
622
240
906
131
54
937
367
730
647
829
331
535
957
857
686
732
632
331
846
208
488
358
843
123
77
795
272
106
98
694
665
690
265
412
938
