659
66
641
5
363
803
102
76
381
983
413
465
98
580
341
553
180
466
717
542
950
923
468
909
864
256
811
232
142
329
111
939
638
122
335
825
6
816
702
82
513
797
844
597
57
482
571
110
617
399
874
99
163
19
341
532
398
680
150
768
584
999
576
692
84
935
223
564
797
810
980
196
733
879
9
499
215
744
183
19
843
182
743
497
194
534
687
257
907
574
902
811
439
902
583
259
705
791
139
337
612
117
442
476
643
207
382
949
232
148
118
331
754
219
70
880
21
13
946
386
576
868
794
243
589
823
577
202
838
763
274
926
895
963
176
730
803
792
462
689
713
208
960
181
992
402
493
221
856
307
815
514
554
567
917
297
347
412
215
941
855
126
392
150
581
713
249
299
78
662
923
644
662
998
834
10
724
179
814
166
682
320
691
313
812
30
83
827
609
815
303
111
479
416
630
326
679
499
592
191
433
842
919
218
590
519
588
773
33
618
708
854
619
963
321
772
196
676
486
776
954
431
227
263
117
456
961
379
160
588
927
808
545
392
404
564
507
784
425
746
268
137
481
331
37
103
926
158
175
962
997
610
851
154
990
318
240
863
881
755
39
707
829
927
435
873
167
124
164
200
264
740
442
368
988
584
99
687
434
589
511
776
232
324
804
933
727
638
556
527
373
12
229
375
654
427
890
161
883
666
204
656
137
229
36
265
287
635
43
743
6
197
768
827
487
881
646
836
466
127
999
719
466
31
874
482
854
929
953
991
446
601
382
917
871
142
964
216
41
993
48
120
628
39
36
44
748
951
867
653
422
674
719
432
901
215
575
432
646
380
589
795
490
669
842
723
231
996
950
393
821
240
683
240
111
146
50
532
312
39
426
43
605
218
434
813
791
468
844
725
200
525
149
895
865
746
197
591
203
148
539
245
811
884
360
431
198
241
521
917
725
509
848
797
88
253
354
111
869
405
546
480
282
470
317
695
456
737
236
89
898
644
726
55
62
363
693
40
214
85
471
900
215
132
941
480
132
847
624
526
538
219
892
976
304
131
234
62
848
470
270
357
152
768
857
559
936
823
657
365
823
960
450
449
281
835
967
927
558
376
892
203
968
786
276
157
845
197
137
156
854
930
92
84
52
629
711
35
858
378
150
77
857
666
40
731
374
254
294
228
564
57
132
410
426
142
922
13
673
433
43
430
626
917
234
753
552
303
525
693
676
293
35
508
194
457
724
472
578
300
898
30
367
615
411
786
195
469
259
175
717
610
237
390
380
244
439
347
626
559
526
614
869
49
128
809
631
241
282
296
656
161
506
168
88
917
249
603
744
468
808
560
663
784
21
513
770
295
633
168
478
19
819
912
2
348
877
570
677
572
544
58
107
595
750
751
241
156
753
711
224
800
218
799
51
790
640
905
504
428
849
263
24
200
233
796
95
265
928
457
407
742
721
191
583
464
509
27
148
259
29
687
323
784
709
697
599
53
158
156
162
341
140
106
282
247
340
389
12
815
125
576
278
975
609
573
67
197
968
525
112
325
128
542
14
286
886
358
879
495
606
39
420
812
536
869
458
275
605
875
321
919
810
153
359
576
681
758
347
451
324
450
521
118
854
576
984
745
877
886
640
909
581
291
166
269
942
712
385
261
283
576
135
749
4
227
943
729
916
939
6
552
205
754
528
434
29
845
666
964
104
925
27
406
362
94
286
179
499
902
624
839
698
460
897
130
301
942
403
861
650
742
579
197
996
431
427
254
121
306
38
137
922
612
377
192
42
618
555
273
485
523
827
45
880
906
152
981
502
572
39
893
171
483
880
428
600
141
742
69
886
613
667
841
801
637
421
142
333
274
837
261
101
350
414
560
6
840
506
937
970
420
270
683
592
778
4
905
708
281
391
247
626
279
205
376
641
774
775
555
830
28
733
273
367
663
419
344
447
210
321
348
22
170
575
737
375
678
862
175
25
668
612
733
497
197
269
351
178
596
49
293
788
863
82
657
450
727
65
168
104
56
12
428
418
684
608
695
962
379
846
940
910
132
971
219
705
847
196
632
388
686
290
910
345
23
456
348
285
766
774
103
741
642
506
915
803
399
478
977
757
79
197
313
809
130
793
778
750
399
492
546
171
364
818
77
281
800
587
848
187
270
232
379
331
497
35
67
248
736
824
5
374
102
568
370
947
425
855
2
705
642
715
276
261
954
704
840
366
681
125
395
732
565
975
879
681
470
917
685
223
542
869
636
535
571
524
564
686
757
377
686
549
577
740
798
149
951
275
300
371
375
814
33
217
698
659
142
787
898
283
928
817
672
988
420
812
573
192
388
557
332
378
939
505
917
802
480
525
828
190
556
822
566
279
235
266
733
535
609
629
323
470
462
977
49
128
514
946
641
533
227
136
980
473
796
332
975
296
472
453
848
236
802
985
283
767
784
139
766
170
766
219
581
359
922
892
3
26
421
387
616
400
310
973
170
515
417
599
366
512
36
468
600
382
393
590
733
691
604
877
956
977
126
717
931
10
199
311
945
122
525
942
420
461
134
963
663
205
72
629
902
285
985
146
187
454
910
940
564
523
689
339
262
540
526
778
955
295
823
469
607
269
596
776
478
782
390
70
460
946
428
699
444
294
183
865
444
331
369
894
909
930
181
189
452
315
695
519
460
32
383
738
748
448
660
981
466
972
112
880
258
621
907
514
268
249
436
345
260
178
241
221
138
967
479
502
883
285
431
26
658
408
9
598
14
132
982
590
153
7
173
695
13
96
902
335
365
756
38
643
886
657
514
590
670
380
962
19
364
556
457
459
287
138
586
450
972
333
994
234
860
900
568
849
804
88
536
951
553
479
833
485
948
735
817
582
659
962
468
464
629
178
621
888
882
98
814
885
427
896
453
327
567
592
917
20
167
678
783
494
780
847
935
258
444
457
477
86
415
442
65
94
82
663
473
809
858
526
202
112
936
75
851
460
501
454
160
463
445
675
629
172
121
788
398
705
284
607
771
593
577
718
615
115
721
392
631
424
2
593
237
109
615
28
662
382
237
116
346
230
96
410
124
464
567
814
660
870
423
216
929
978
905
199
454
106
428
733
373
612
108
367
640
502
793
20
170
852
278
186
618
923
658
193
193
661
571
478
431
185
645
783
822
196
627
767
749
861
204
940
858
462
818
553
914
609
460
441
799
799
116
912
984
520
855
202
372
114
156
307
987
940
512
78
377
184
596
134
108
216
31
721
760
885
945
243
993
924
971
651
154
243
696
409
177
67
660
222
963
173
939
73
821
481
273
62
80
385
530
251
555
611
968
463
620
124
549
165
606
738
73
58
920
761
301
396
117
704
170
911
570
216
672
858
833
38
220
842
79
211
538
269
228
468
741
259
655
494
482
733
738
231
407
47
433
335
8
524
913
421
36
942
223
520
859
330
428
762
541
615
416
532
128
530
284
189
401
896
399
103
433
229
404
573
112
272
32
424
399
361
766
721
554
489
688
527
471
341
600
786
952
149
937
803
908
532
359
222
363
617
672
560
280
336
761
161
380
76
952
268
183
79
101
432
619
88
839
939
141
613
353
657
805
771
67
149
280
686
693
920
771
591
683
709
790
936
848
166
540
148
58
325
591
383
319
737
29
656
183
908
75
63
680
48
967
832
588
426
431
134
522
47
845
570
689
944
654
5
111
971
353
31
739
183
256
445
627
319
207
852
595
656
108
579
559
285
187
970
801
721
678
800
401
729
232
934
578
71
841
431
70
896
299
961
10
735
49
637
397
164
316
532
972
604
343
484
288
781
93
33
278
540
672
691
531
261
515
151
230
637
6
275
538
326
886
337
305
18
934
401
115
503
74
767
713
481
256
874
343
746
654
749
291
118
506
929
863
489
854
109
854
807
401
76
539
361
429
763
184
989
661
70
440
678
915
985
921
134
60
208
760
22
316
504
556
171
973
249
777
879
636
36
60
573
912
439
49
683
837
142
777
711
300
423
289
976
894
807
544
135
545
903
879
198
701
461
68
465
171
881
687
752
988
39
67
322
652
964
10
807
257
682
658
604
661
723
494
15
501
870
634
958
458
55
464
105
714
335
802
538
675
637
209
352
848
626
795
223
517
38
482
678
69
912
503
645
938
925
300
502
493
790
449
803
101
599
926
301
658
780
257
515
203
421
972
59
931
546
806
237
166
114
185
660
284
875
571
994
280
395
714
89
79
488
241
11
726
3
24
968
993
766
151
833
842
853
445
183
361
231
991
358
256
105
302
181
289
101
414
921
404
487
17
494
244
555
851
666
585
837
133
651
453
935
339
159
911
401
663
153
369
935
903
352
476
457
587
880
290
886
130
642
155
483
395
274
739
148
151
261
335
597
709
210
180
712
213
644
689
595
117
872
344
662
672
570
195
868
104
717
378
855
396
290
991
851
583
293
343
284
39
219
696
563
981
278
685
105
763
558
760
459
408
488
691
192
598
854
176
705
21
849
744
512
936
333
357
839
74
856
615
271
220
63
465
559
616
431
805
350
368
368
514
460
498
305
175
463
82
798
126
357
318
57
484
856
449
786
867
822
39
946
971
10
448
901
306
690
580
21
622
321
104
615
544
660
708
249
910
806
380
350
254
114
518
522
422
552
676
519
123
983
957
416
243
348
241
648
531
239
979
60
831
865
971
128
74
844
47
637
30
462
268
801
788
887
798
264
397
664
983
328
740
474
546
305
84
206
80
756
907
619
526
957
914
506
32
303
125
399
546
365
650
894
962
715
591
977
129
801
701
5
762
481
986
466
232
365
469
207
627
805
724
870
834
529
38
375
595
853
437
320
677
771
392
44
480
327
639
443
604
205
698
672
618
967
659
682
217
720
773
900
13
577
803
305
931
701
636
18
84
500
246
678
612
426
111
377
323
766
894
480
824
204
706
894
540
648
722
412
962
779
613
924
139
319
708
975
566
17
430
343
158
683
568
71
100
132
104
779
692
346
153
401
74
969
673
495
426
559
323
258
538
917
855
907
620
756
636
734
490
464
393
454
23
955
754
533
565
525
701
899
907
351
999
543
362
278
545
107
736
955
238
401
644
607
265
175
52
9
238
540
212
231
299
145
89
811
540
600
729
524
511
656
340
899
633
542
405
452
233
844
348
534
774
276
282
332
161
894
568
524
84
502
19
313
410
865
527
51
650
73
348
497
112
344
287
622
317
603
795
666
911
13
264
656
189
803
748
739
556
188
798
93
808
185
491
390
835
815
377
713
625
248
78
841
622
595
636
377
756
547
82
250
592
153
232
614
409
283
164
362
754
376
511
869
594
466
135
122
876
763
475
280
226
852
240
846
399
255
30
648
616
256
739
567
156
949
69
908
203
432
466
824
721
334
939
154
478
416
192
521
671
994
974
609
998
131
768
840
306
352
821
719
862
522
942
769
856
934
44
970
561
960
77
764
25
147
487
823
9
714
315
499
509
259
837
646
606
255
498
779
574
591
561
483
681
950
353
438
82
605
696
792
443
671
618
695
729
279
449
291
3
193
712
206
8
165
326
202
475
553
132
927
367
521
251
219
448
293
128
918
907
771
829
551
435
283
833
543
111
630
533
339
371
416
677
382
110
861
192
351
713
369
775
894
924
482
960
694
44
844
250
130
348
170
936
975
755
771
477
709
641
369
756
290
170
627
215
516
520
679
570
59
996
893
831
572
262
792
562
78
75
979
781
381
917
743
844
323
640
973
635
420
347
391
967
492
188
872
619
7
671
826
700
830
257
602
866
455
644
616
50
925
842
727
3
196
656
773
31
367
160
614
475
525
11
994
518
578
296
69
960
563
843
196
270
996
739
815
721
302
534
476
156
818
372
798
640
424
739
61
599
263
332
997
853
370
332
125
995
441
323
853
991
898
667
751
230
240
501
24
19
560
236
826
961
650
195
80
810
829
232
864
801
429
68
810
352
648
472
889
21
746
46
753
672
226
806
65
260
975
800
51
83
908
573
366
686
952
463
283
940
372
910
137
626
493
820
655
301
604
452
651
316
394
331
161
253
325
398
119
280
850
642
82
471
652
225
495
305
944
140
919
801
966
904
139
529
905
977
790
661
131
627
604
749
557
446
504
101
591
303
284
607
531
661
992
846
959
290
652
627
153
453
8
523
57
845
576
320
788
197
747
936
431
306
426
930
642
244
325
255
485
73
414
749
174
30
861
568
299
756
530
807
596
208
96
627
423
253
991
130
901
213
8
152
914
431
546
871
416
339
455
149
75
174
83
940
341
240
840
775
53
232
431
836
568
54
889
539
365
35
452
194
228
740
587
930
197
437
889
986
768
733
216
623
765
642
716
501
563
777
859
343
87
545
127
252
394
164
616
996
82
331
245
552
279
255
801
322
49
714
117
844
178
603
982
808
497
121
524
780
263
990
85
297
245
615
223
44
946
312
263
719
180
35
809
638
314
182
500
11
913
115
897
223
723
97
974
470
4
799
766
490
131
221
346
861
893
805
73
506
847
931
302
314
510
864
928
152
945
244
799
875
915
779
836
263
790
409
639
506
259
823
288
59
579
37
761
925
985
492
873
339
556
591
826
475
721
32
303
132
569
472
659
449
707
579
436
739
266
191
417
577
105
208
480
808
839
135
184
453
139
994
625
788
144
546
761
578
383
360
956
448
732
271
453
641
126
871
244
862
769
73
565
374
518
214
664
845
235
625
143
728
23
299
995
890
548
906
209
970
562
875
743
203
21
125
196
332
530
875
532
799
93
805
737
143
633
108
220
491
89
426
275
691
131
412
855
58
77
279
552
534
304
942
555
862
912
796
769
666
385
385
818
687
925
952
657
834
824
355
385
46
999
750
187
395
982
250
350
642
515
21
574
664
338
749
850
278
281
33
114
777
656
48
361
241
508
922
830
928
383
625
106
604
288
275
734
266
651
121
885
228
359
694
204
490
302
361
419
551
11
584
514
648
157
8
802
580
164
668
903
785
126
955
535
789
233
682
186
340
70
64
246
513
214
416
964
938
645
101
968
852
113
478
911
129
469
302
200
919
197
892
227
643
45
889
486
130
932
751
542
886
845
339
317
611
194
552
619
396
581
213
376
343
954
43
278
644
193
845
916
897
41
915
907
983
878
168
343
489
798
950
549
133
413
467
966
919
609
720
979
122
296
978
488
7
143
435
988
939
193
873
463
70
530
331
62
852
542
395
208
133
408
464
73
385
417
597
101
769
505
897
449
22
936
306
461
937
522
795
754
889
529
615
672
329
13
42
151
278
545
302
854
844
788
671
959
679
1
403
120
715
390
195
38
880
709
887
489
63
228
502
774
839
883
108
324
644
267
370
209
602
222
506
849
845
989
104
424
110
597
896
613
473
187
364
391
823
172
655
72
917
300
419
474
992
975
322
881
817
952
101
873
790
96
302
798
724
209
293
236
133
226
457
553
382
253
671
421
919
648
454
799
144
659
160
188
999
641
380
797
188
777
201
611
528
946
706
473
918
158
456
835
946
414
939
881
351
220
619
825
613
131
76
273
152
330
183
984
953
302
334
481
761
473
754
849
105
112
784
626
497
617
722
537
159
905
581
186
48
306
375
767
573
556
543
280
384
594
747
2
796
404
283
441
408
573
248
208
278
520
785
972
299
214
859
91
944
870
373
301
300
438
712
881
223
190
223
309
38
701
580
368
37
941
983
938
830
924
402
320
329
804
593
14
715
919
993
617
358
182
287
34
725
584
811
725
709
787
535
243
812
349
518
216
325
672
590
793
664
267
63
473
819
147
279
587
244
107
423
617
265
445
500
939
401
443
603
839
92
961
707
680
239
441
28
661
550
845
195
874
844
521
41
561
809
197
636
261
521
898
192
359
298
588
319
89
843
818
508
962
275
862
807
249
201
467
976
787
299
783
809
722
208
894
581
699
229
894
864
174
564
440
157
54
6
595
879
455
97
569
303
583
11
398
366
11
877
867
2
707
80
230
685
569
222
538
563
179
986
627
639
998
656
813
758
536
15
62
335
701
568
150
392
333
961
648
925
422
469
775
133
364
639
849
501
933
995
990
664
896
791
833
759
513
431
597
113
455
948
217
278
483
874
727
327
337
912
849
549
796
471
837
410
83
909
795
367
45
345
236
10
598
871
6
348
537
701
717
463
712
681
53
221
257
815
415
43
219
398
104
516
634
732
411
361
495
859
258
629
809
889
361
826
716
837
261
874
947
261
416
2
355
26
347
749
909
108
159
472
629
133
409
627
166
494
746
59
310
330
830
91
369
88
979
507
870
423
401
638
625
410
824
819
336
475
897
568
611
211
784
149
492
47
659
792
739
785
514
136
320
15
247
928
153
107
389
740
988
516
762
447
887
164
711
248
15
983
265
511
183
666
645
354
547
680
448
789
296
946
724
253
707
424
665
813
969
822
800
2
934
942
935
512
156
590
344
543
896
321
13
189
712
779
964
965
88
877
636
341
404
72
22
684
263
442
57
204
783
904
455
446
168
393
266
528
805
28
520
2
24
653
430
258
379
684
181
820
150
582
482
322
381
995
248
348
529
575
823
547
142
465
37
563
217
94
853
542
437
392
208
449
194
958
181
671
396
75
46
970
580
349
388
606
541
809
751
368
82
794
549
344
803
110
318
930
627
27
271
846
263
925
21
964
325
533
189
800
723
241
823
694
556
948
754
45
530
186
285
676
42
48
675
600
566
240
375
911
250
90
655
98
108
232
110
426
573
52
543
256
60
256
529
561
706
562
210
881
939
192
801
258
200
980
179
665
554
596
171
702
35
204
549
933
952
681
450
597
858
134
671
741
293
332
727
698
278
361
328
383
127
567
397
48
586
141
142
610
454
807
696
359
44
204
366
587
482
883
583
850
430
330
376
596
252
862
63
348
146
196
24
145
771
281
718
305
120
274
669
874
207
742
80
851
470
279
43
634
233
196
313
898
692
52
135
68
331
353
69
407
631
459
315
170
56
855
522
323
708
531
236
422
461
831
508
264
91
32
31
732
388
320
691
448
494
617
871
865
140
502
552
771
404
864
176
539
712
131
846
405
830
898
59
626
829
389
858
860
693
524
483
26
534
378
976
385
719
388
784
874
600
708
287
965
626
123
739
354
856
764
745
832
603
537
685
762
876
864
272
610
504
77
775
166
872
321
179
229
279
619
842
285
745
445
408
604
667
971
768
168
242
636
540
809
140
498
576
270
462
251
556
426
185
76
62
253
103
139
552
378
300
495
753
875
892
213
522
959
980
821
867
569
31
807
416
155
736
790
870
478
19
713
884
540
227
940
356
945
239
519
674
735
137
187
301
871
175
83
705
517
738
870
843
484
405
133
878
381
447
355
53
54
388
360
255
791
799
952
997
407
191
214
222
755
164
412
8
799
894
223
624
67
927
443
963
796
118
985
555
921
644
855
927
691
383
685
116
731
837
264
730
72
430
926
21
994
73
705
639
915
371
449
384
504
716
917
325
577
36
47
670
214
275
505
184
205
720
270
74
361
298
617
693
997
15
237
74
906
689
154
682
230
629
800
383
428
630
155
855
7
489
236
489
493
197
142
890
996
393
595
14
972
812
402
124
45
110
61
864
158
869
316
293
781
141
624
889
496
539
708
718
364
873
266
810
847
558
755
677
235
882
989
890
924
918
948
226
472
19
948
226
95
46
637
187
237
241
919
902
514
34
592
51
720
368
193
335
712
477
567
873
535
752
654
661
63
407
757
930
497
121
831
624
526
981
389
719
897
513
586
738
173
29
496
975
944
309
298
489
644
817
561
184
943
988
700
697
944
269
435
732
611
190
729
709
366
797
733
63
578
225
589
468
414
630
206
70
319
274
841
682
222
961
982
443
111
837
828
826
585
429
217
135
514
213
746
851
88
864
623
261
195
881
693
952
504
944
65
987
436
263
283
903
801
366
279
809
491
961
608
968
417
976
356
267
404
250
477
104
267
277
455
850
370
426
509
281
932
837
805
944
117
242
77
591
703
609
763
135
473
686
373
948
44
178
974
452
750
138
559
148
87
73
920
609
306
125
491
107
887
234
507
939
99
569
231
988
374
567
684
809
637
404
589
658
368
655
777
510
246
44
59
785
88
839
313
464
527
780
584
529
807
806
709
729
132
904
711
915
425
428
589
619
821
912
836
676
398
283
638
388
142
612
991
12
167
544
559
777
640
949
239
565
77
164
22
35
401
251
801
891
206
960
554
769
19
946
554
362
227
327
923
862
13
374
116
482
248
150
889
418
362
76
940
197
849
312
207
113
825
514
526
947
972
894
678
856
694
332
103
95
3
165
533
143
503
461
24
834
743
612
675
893
974
408
358
10
965
771
608
893
939
352
340
652
309
438
728
352
739
761
13
362
804
26
980
228
900
308
746
721
744
512
711
401
808
496
764
938
989
926
630
405
671
943
634
530
148
594
922
346
994
638
444
338
780
82
892
472
449
654
258
384
940
217
395
809
420
564
193
630
123
76
542
81
838
886
164
13
597
329
22
115
13
391
927
180
32
607
105
316
579
814
359
344
892
807
559
150
79
176
433
84
743
110
53
75
942
65
762
468
939
7
206
636
953
556
361
860
922
785
80
105
785
815
285
10
8
562
952
291
87
91
226
576
404
330
396
734
25
468
655
608
185
57
490
648
116
346
233
388
12
687
582
64
388
271
433
152
421
742
445
254
555
511
679
439
904
899
123
252
355
832
106
724
471
502
21
499
204
145
152
727
339
86
139
927
224
334
814
357
58
960
309
358
728
577
632
752
535
710
588
704
19
708
60
138
320
148
172
286
945
445
602
799
837
244
890
294
694
175
884
345
569
856
444
792
928
70
516
91
240
763
842
32
938
149
246
339
884
764
579
638
134
35
520
928
80
584
658
210
545
792
557
648
1
164
781
300
294
357
574
104
517
928
926
974
820
119
341
478
486
962
802
753
335
898
737
363
130
479
963
502
606
457
598
525
101
141
840
67
299
143
609
558
388
93
44
495
754
298
804
117
402
434
362
104
290
939
777
904
307
11
833
15
107
569
867
574
477
99
28
662
89
306
90
50
418
285
918
604
775
548
657
927
691
788
510
962
406
571
96
553
492
340
302
308
535
232
868
498
641
681
35
61
700
698
874
805
191
847
807
83
97
51
123
901
544
886
298
918
525
245
252
783
799
308
383
748
647
652
959
684
843
715
593
867
405
151
488
94
416
637
114
69
695
294
416
811
929
488
329
142
934
15
807
372
722
58
312
9
264
190
444
508
17
634
86
909
95
727
171
755
520
813
608
386
877
585
156
624
105
236
674
978
480
599
574
949
838
486
123
379
280
446
624
