777
749
638
365
639
135
45
279
660
545
119
885
624
508
64
376
319
541
2
631
922
224
758
80
841
705
829
915
121
550
907
652
73
366
48
57
83
5
302
760
516
502
561
126
321
825
961
452
26
725
159
422
715
501
616
852
29
669
794
116
153
766
931
524
114
582
103
669
584
830
265
930
769
444
480
366
283
720
730
729
79
262
647
18
22
379
464
10
482
582
918
446
898
516
201
642
749
20
436
230
804
230
85
547
317
178
636
165
453
902
451
813
621
901
382
531
858
616
114
198
313
663
957
158
284
350
39
476
399
551
574
797
939
66
268
79
995
959
562
387
93
545
741
942
907
369
750
455
4
67
754
344
305
816
548
61
267
468
746
710
262
429
978
613
914
735
974
194
441
647
634
734
267
635
689
461
511
106
782
880
801
137
419
864
406
82
647
698
550
538
668
543
330
726
59
185
577
436
735
406
645
247
610
792
491
835
465
155
38
963
478
690
956
66
539
287
99
230
30
828
651
980
589
538
902
803
458
920
196
859
654
942
462
370
392
781
118
186
226
174
733
484
301
149
307
716
867
925
893
228
50
637
183
564
380
861
47
795
277
542
568
747
245
268
936
24
659
408
821
108
880
661
852
998
360
74
589
94
323
710
555
529
323
509
255
505
479
415
309
95
566
338
573
434
721
684
20
154
37
546
631
555
511
603
518
596
311
144
58
317
517
101
567
703
372
664
756
179
30
887
481
916
487
60
178
937
770
516
107
932
413
777
327
469
136
906
339
38
990
450
628
902
177
100
364
302
353
561
455
158
687
977
597
79
572
660
29
792
248
745
962
945
49
845
300
971
128
979
634
848
11
370
495
822
992
94
213
772
880
792
735
295
93
259
343
619
567
934
513
546
565
771
590
976
22
283
164
119
526
862
589
769
991
525
95
812
182
667
723
336
76
660
12
164
451
804
348
342
312
53
244
39
233
145
245
874
583
398
958
539
702
257
447
813
137
192
256
378
223
784
870
757
847
236
165
206
366
307
449
170
791
659
602
840
460
924
637
393
290
394
594
640
110
262
311
408
753
545
598
570
735
92
911
539
271
791
814
443
593
356
345
170
663
16
839
693
781
550
153
836
455
598
554
138
930
19
464
425
712
601
